1408
8133
6544
2520
15336
18571
7118
12742
11760
5816
16399
18711
18950
21168
20950
4660
17298
11115
17521
4489
17633
14483
2747
13425
12386
7957
10771
15216
19865
18121
16504
3081
4916
1543
8351
12765
12339
20048
6645
18766
1269
3044
15466
7842
7342
18398
12978
2952
18093
19546
12174
6524
10013
2975
11393
7933
6128
7589
17551
15301
19575
1317
16935
17962
4596
9218
2204
16425
8422
10609
7668
6619
20388
1196
15007
10094
9924
18969
3180
20293
14532
11429
12613
11815
15511
15066
13705
9411
17869
19609
4245
8033
5238
9551
17746
16041
8717
10426
10315
8671
3942
2349
2867
15238
17724
10220
6346
12783
17476
13661
1172
17793
13453
9240
8764
16065
17980
16574
13585
13182
4734
6969
15415
14865
5264
5295
18072
17106
18823
7787
11303
11355
4786
20107
8628
3770
16362
12683
14455
2423
14332
3692
9632
10685
1848
21353
2322
14925
19914
2002
3594
15138
10734
7327
13880
4196
4420
3921
1293
18876
6946
1350
18258
7747
14416
15436
7204
8310
8521
17573
7007
16630
10939
20915
15952
9306
9282
20251
18043
19741
12124
4620
14132
5789
7914
1455
13611
8009
21204
11126
12146
13484
7042
10919
14685
3008
3658
13200
20497
17920
14979
10760
1770
18158
11618
19325
9352
19942
4166
3895
15541
4455
5671
11708
17058
1636
17035
5587
17513
21158
19497
9131
7539
7882
16218
10490
10834
13557
20143
6883
11219
9758
6585
4568
1104
17370
16093
7983
3865
7245
12827
3977
17319
10381
14362
18784
17999
19054
20940
14269
12303
8482
19637
18917
9197
19170
14434
9379
6055
8597
11253
16275
6402
4970
19477
4665
13535
14301
11027
18674
18804
7100
2675
20176
6647
5051
5878
11729
2750
18100
7863
20196
2535
12598
10642
14766
3400
8973
5396
4690
3506
5201
6353
6477
8379
5696
8899
13973
13013
13373
9616
14162
11846
5505
6439
15871
12270
8237
12388
12570
9782
9945
14906
18609
16746
18420
17186
19096
17792
3710
5367
17686
3798
15113
11959
1873
13507
15223
13043
16590
14540
16480
13673
19723
10591
4382
11400
7496
1669
10518
5455
19389
6810
6765
5087
10077
19794
6928
7954
20123
14513
13634
20306
5312
20235
13210
21044
16772
16522
12755
10863
5177
2653
18859
21354
7410
8954
21262
2449
14649
9269
17220
15316
18763
12523
13321
15025
5618
16645
18141
14966
21189
1837
2877
3286
3820
10893
16316
11108
8295
17632
12317
1137
8551
2053
8802
9715
15074
1990
1286
9878
17731
11379
4236
17938
6953
5432
5239
20886
19234
17494
6264
2357
20606
17888
14393
9599
16195
2991
16613
10194
11086
19863
21111
7707
19414
14809
2226
10814
20423
17382
3961
8070
5853
20642
12342
19127
15569
8316
17965
1196
6295
17162
14695
12451
4436
10949
15604
15403
1405
5118
11828
14176
11691
3624
16357
17550
16381
1564
16254
9406
10980
18333
1704
12865
2847
14724
2785
19923
9337
16932
17015
18009
13883
18945
14595
21003
18519
18080
9101
13747
16687
10680
10607
9664
11126
10367
12158
2079
18687
12189
20262
11430
18108
12795
17591
11713
11323
11476
5540
19820
15173
15995
10652
12411
7288
4586
4113
16084
10274
15891
6424
18301
6170
12254
14664
13975
16562
11251
12389
20745
15838
8164
7616
21162
9524
8000
7445
12645
2321
16408
3168
19718
8188
15364
15710
13019
14064
8410
16134
10434
13396
11783
8354
6735
12126
3723
19903
2491
18544
16854
20840
20015
16033
10042
16803
21381
9736
18609
15794
7864
13102
14971
8704
15641
1728
3990
7251
11582
19753
6962
20294
18914
7206
17777
20117
18226
10222
2678
20351
18403
14754
20504
10745
9285
20531
20038
18370
20710
8902
8594
19386
4939
9683
15920
4169
17985
10501
21235
19315
14634
3407
3314
13654
2253
4199
18664
12618
8744
1889
4724
6871
13468
20063
11192
18996
11024
16897
10085
5769
16712
18824
10303
8524
4085
7399
12553
17467
19617
6099
7373
5363
7903
20595
11054
11657
17201
10008
17893
20407
9199
19175
9388
5570
9046
4145
21336
13256
12043
3083
17088
1245
6245
14426
7492
11407
15963
9763
3588
11079
5389
16271
16652
11809
14515
6529
2791
12072
15083
4656
8982
8797
13312
9505
19928
18176
10792
5310
16961
6290
11686
13848
17941
6006
18849
11211
3470
21098
13343
19977
6338
15411
18742
2182
1923
16582
17803
21039
7004
14284
4453
14048
6899
4264
13673
20895
11277
13967
14227
2133
19494
21420
2350
17041
20000
15150
15344
16420
5860
14736
6185
2835
10029
13870
12294
10390
12525
4354
20214
9966
8311
9257
19526
8942
20872
3435
12462
5978
2228
13535
9362
19469
2933
6754
10116
16134
5452
5949
5046
6408
10471
3848
4917
10665
1655
7632
2053
13570
11937
19400
21181
10141
5552
13700
6368
13179
7450
20440
1358
10068
16867
2482
13039
2082
20628
12003
8038
12764
8889
18031
7121
20188
10956
6704
19812
18085
2603
20113
19155
13889
16162
12645
11238
14946
19296
20678
2377
20944
4858
16523
7077
1722
15655
17480
2638
15999
18258
8868
5811
4292
4833
10751
17395
15939
11667
15475
4697
9329
21130
4506
11823
10540
17625
18421
7349
13222
20137
1609
17683
5595
7555
2445
14166
4002
10205
21323
9667
5399
18715
12681
11735
4337
4232
12987
16889
9854
5479
7855
7685
11706
11478
5158
17418
11919
2675
9300
2033
17885
17779
19334
20999
5839
3672
5322
10890
16762
20468
16988
17508
13019
18974
13072
11779
11628
1390
10328
17748
9471
4601
12548
16624
8707
2211
8361
10252
18053
12444
15698
11220
2315
17297
17540
8093
3650
16391
8849
12140
7715
5757
19755
16101
15837
4748
16679
20711
19889
19103
10516
9585
16185
17908
7007
14323
5185
11382
20592
8435
20962
3742
12851
12094
15800
1206
3159
8951
10439
10009
15558
9441
4654
13322
9799
8987
7236
11141
19384
5920
6038
7753
18109
6220
18862
6903
11411
13840
13348
1249
14395
20412
1275
10397
13484
17051
10938
7953
14969
11019
1753
19180
9902
19574
7436
19008
12578
8521
16341
5228
17262
3872
9190
15717
4215
12190
21154
1421
2917
7155
6627
14020
13977
8639
14866
14801
14548
9167
15127
4977
3302
9830
2531
18674
10656
10768
17187
14760
2565
9755
1852
18207
14440
